    1. 10
    2. 11
    3. 20
    4. 21
    5. 24
    6. 25
    7. 58
    8. 59
    9. 60
    10. 176
    11. 177
    12. 178
    13. 179
    14. 180
    15. 181
    16. 182
    17. 183
    18. 225
    19. 370
    20. 453
    21. 479
    22. 541
    23. 542
    24. 550+551
    25. 560
    26. 561+562
    27. 564
    28. 565
    29. 566
    30. 567
    31. 575+576
    32. 577+578
    33. 586
    34. 608
    35. 632
    36. 640
    37. 641
    38. 642
    39. 643
    40. 644
    41. 646
    42. 647
    43. 648
    44. 649
    45. 650
    46. 651
    47. 652
    48. 653
    49. 654
    50. 656
    51. 657
    52. 658
    53. 662
    54. 663
    55. 678
    56. 679
    57. 688
    58. 694
    59. 695
    60. 726
    61. 738
    62. 739
    63. 740
    64. 741
    65. 742
    66. 743
    67. 744+745+746
    68. 474+748+749
    69. 750+751+752
    70. 759
    71. 766
    72. 778
    73. 780
    74. 781
    75. 804
    76. 823+824
    77. 825
    78. 826+827+828
    79. 829+830
    80. 831+832+833
    81. 834+835
    82. 836
    83. 837
    84. 838
    85. 843
    86. 844
    87. 845
    88. 878
    89. 879
    90. 880
    91. 881
    92. 1051
    93. 1052
    94. 1053
    95. 1054
    96. 1056
    97. 1061
    98. 1062
    99. 1063
    100. 1064
    101. 1065
